# flux
0.0
0.0
0.0
0.0
246.7120253164557
1088.892405063291
1951.0727848101267
2348.3417721518986
2325.971518987342
2321.0981012658226
2317.6708860759495
2317.5822784810125
2349.1518987341774
2363.974683544304
2362.53164556962
2359.509493670886
2346.4240506329115
2362.772151898734
2361.9050632911394
2353.0411392405063
2338.3512658227846
2362.471518987342
2368.8322784810125
2355.0601265822784
2361.5759493670885
2370.2088607594937
2375.8924050632913
2372.3702531645567
2395.9588607594937
2423.4272151898736
2433.3670886075947
2423.3607594936707
2422.6677215189875
2407.3101265822784
2408.284810126582
2419.2943037974683
2450.3734177215188
2449.9145569620255
2442.2911392405063
2486.3481012658226
2516.262658227848
2510.965189873418
2527.0696202531644
2541.6930379746836
2558.965189873418
2560.0632911392404
2582.46835443038
2606.8955696202534
2592.2120253164558
2620.8544303797466
2646.75
2650.0506329113923
2642.0981012658226
2673.3892405063293
2704.3987341772154
2716.8037974683543
2716.6835443037976
2731.3797468354433
2736.7974683544303
2780.7943037974683
2837.3259493670885
2853.9240506329115
2877.1487341772154
2900.3765822784812
2872.4335443037976
2851.724683544304
2853.46835443038
2870.993670886076
2873.5411392405063
2865.4335443037976
2848.3575949367087
2853.3734177215188
2832.522151898734
2836.6329113924053
2833.756329113924
2819.7974683544303
2827.6455696202534
2809.1107594936707
2815.743670886076
2782.9272151898736
2776.8734177215188
2767.0664556962024
2781.8860759493673
2784.9113924050635
2748.4272151898736
2770.7943037974683
2761.0949367088606
2732.8037974683543
2723.6645569620255
2732.4018987341774
2736.009493670886
2692.9588607594937
2673.1329113924053
2705.284810126582
2690.268987341772
2684.3575949367087
2677.4082278481014
2669.3544303797466
2668.4367088607596
2656.3006329113923
2674.1487341772154
2659.1392405063293
2668.76582278481
2666.9588607594937
2651.6202531645567
2678.2088607594937
2689.8354430379745
2660.0917721518986
2639.8164556962024
2629.1265822784812
2605.8069620253164
2622.9145569620255
2615.6772151898736
2590.528481012658
2586.259493670886
2590.028481012658
2566.3734177215188
2568.8924050632913
2589.6740506329115
2582.8291139240505
2581.4620253164558
2579.9367088607596
2594.3006329113923
2563.6487341772154
2562.1424050632913
2544.01582278481
2553.3227848101264
2546.778481012658
2538.2120253164558
2535.3860759493673
2545.465189873418
2554.003164556962
2542.2025316455697
2525.3132911392404
2500.256329113924
2520.5981012658226
2535.740506329114
2522.6044303797466
2508.6392405063293
2517.990506329114
2527.0759493670885
2532.8322784810125
2510.0981012658226
2506.1740506329115
2522.977848101266
2503.6898734177216
2500.6044303797466
2494.727848101266
2466.496835443038
2470.737341772152
2482.7025316455697
2472.4113924050635
2457.9208860759495
2453.1012658227846
2456.8259493670885
2471.1645569620255
2473.724683544304
2471.1170886075947
2455.5759493670885
2451.231012658228
2445.490506329114
2445.1550632911394
2443.98417721519
2439.9493670886077
2447.753164556962
2450.48417721519
2449.3164556962024
2423.2911392405063
2411.2120253164558
2392.8892405063293
2409.1424050632913
2407.9556962025317
2438.96835443038
2437.5506329113923
2450.022151898734
2443.1170886075947
2416.8101265822784
2405.6677215189875
2416.3797468354433
2406.6835443037976
2378.8322784810125
2363.4018987341774
2366.5854430379745
2366.75
2354.78164556962
2370.506329113924
2387.7974683544303
2372.237341772152
2355.2943037974683
2357.3291139240505
2359.96835443038
2365.7974683544303
2332.028481012658
2345.6962025316457
2334.3955696202534
2351.974683544304
2333.522151898734
2319.5759493670885
2323.6297468354433
2342.6329113924053
2340.6550632911394
2368.1424050632913
2367.8132911392404
2324.4398734177216
2331.0601265822784
2307.743670886076
2316.227848101266
2286.1898734177216
2265.022151898734
2282.5
2303.8955696202534
2313.0601265822784
2321.8006329113923
2348.7943037974683
2368.6740506329115
2322.3196202531644
2326.3006329113923
2345.6170886075947
2335.272151898734
2321.996835443038
2311.3702531645567
2308.5886075949365
2308.1202531645567
2305.275316455696
2304.8449367088606
2306.8006329113923
2305.1360759493673
2317.8417721518986
2296.1360759493673
2286.8069620253164
2304.8132911392404
2295.1518987341774
2285.1202531645567
2299.746835443038
2296.0506329113923
2307.5537974683543
2306.528481012658
2335.4208860759495
2326.987341772152
2315.4208860759495
2325.4398734177216
2318.3259493670885
2319.5664556962024
2307.1993670886077
2327.7911392405063
2326.481012658228
2327.6297468354433
2350.509493670886
2321.9208860759495
2310.4240506329115
2301.3132911392404
2304.784810126582
2289.1075949367087
2289.731012658228
2294.6740506329115
2309.275316455696
2316.0411392405063
2313.1170886075947
2297.6455696202534
2289.5822784810125
2307.5379746835442
2306.5949367088606
2303.7025316455697
2318.9430379746836
2311.974683544304
2318.4367088607596
2333.5727848101264
2307.003164556962
2323.7056962025317
2302.5
2328.6329113924053
2346.4113924050635
2357.253164556962
2325.8892405063293
2320.474683544304
2327.512658227848
2327.522151898734
2318.006329113924
2325.03164556962
2314.1740506329115
2299.9493670886077
2309.9050632911394
2307.6265822784812
2317.3734177215188
2308.6930379746836
2303.3702531645567
2307.1962025316457
2284.3987341772154
2274.03164556962
2277.53164556962
2287.465189873418
2276.1360759493673
2278.26582278481
2304.8227848101264
2285.1582278481014
2313.990506329114
2289.1360759493673
2283.5506329113923
2277.6487341772154
2285.6075949367087
2297.6455696202534
2287.8259493670885
2294.971518987342
2285.1835443037976
2297.3132911392404
2293.0664556962024
2290.3734177215188
2299.721518987342
2303.8354430379745
2305.9588607594937
2308.493670886076
2308.5601265822784
2293.018987341772
2299.2943037974683
2290.0506329113923
2280.8354430379745
2278.1645569620255
2267.0791139240505
2298.1518987341774
2287.240506329114
2294.6297468354433
2305.1044303797466
2304.9335443037976
2328.740506329114
2298.3259493670885
2295.7120253164558
2279.3734177215188
2280.5696202531644
2296.993670886076
2284.26582278481
2289.231012658228
2270.21835443038
2283.775316455696
2283.0759493670885
2288.756329113924
2275.2056962025317
2267.753164556962
2282.9620253164558
2294.727848101266
2271.2974683544303
2283.6107594936707
2330.8069620253164
2319.9430379746836
2316.0917721518986
2284.0474683544303
2273.4398734177216
2286.5569620253164
2297.4113924050635
2304.772151898734
2274.3924050632913
2268.006329113924
2291.1518987341774
2292.778481012658
2274.4177215189875
2285.493670886076
2301.8006329113923
2294.3196202531644
2295.6898734177216
2265.8417721518986
2282.8955696202534
2299.4145569620255
2296.0506329113923
2277.1708860759495
2266.5632911392404
2278.7120253164558
2272.0601265822784
2287.4367088607596
2301.262658227848
2284.1835443037976
2303.512658227848
2317.246835443038
2318.3892405063293
2283.4430379746836
2283.8132911392404
2284.2943037974683
2314.75
2343.5759493670885
2300.5411392405063
2315.2974683544303
2310.6518987341774
2293.5981012658226
2309.1613924050635
2323.8006329113923
2289.8829113924053
2280.4018987341774
2290.6044303797466
2275.3227848101264
2297.1297468354433
2290.6930379746836
2290.740506329114
2285.6329113924053
2302.1044303797466
2274.727848101266
2269.4588607594937
2269.7056962025317
2273.8006329113923
2304.025316455696
2306.993670886076
2299.6613924050635
2305.7911392405063
2300.6012658227846
2299.8259493670885
2292.1898734177216
2311.8132911392404
2292.8069620253164
2285.756329113924
2298.8544303797466
2326.3829113924053
2310.75
2313.9050632911394
2299.3481012658226
2330.8164556962024
2338.996835443038
2324.6170886075947
2312.4525316455697
2309.3829113924053
2324.3797468354433
2322.1329113924053
2336.0727848101264
2346.9398734177216
2354.237341772152
2382.6487341772154
2407.243670886076
2405.3449367088606
2437.1297468354433
2452.493670886076
2455.4462025316457
2466.8797468354433
2469.474683544304
2509.8069620253164
2506.4367088607596
2489.8955696202534
2462.1455696202534
2437.8765822784812
2437.1993670886077
2429.1297468354433
2402.4493670886077
2404.3639240506327
2391.7911392405063
2405.3765822784812
2377.3132911392404
2399.768987341772
2412.1455696202534
2423.8955696202534
2450.246835443038
2425.8291139240505
2424.9620253164558
2440.4208860759495
2447.0443037974683
2449.3481012658226
2459.028481012658
2470.9556962025317
2495.506329113924
2501.028481012658
2525.3322784810125
2547.9525316455697
2580.1613924050635
2619.3291139240505
2668.8069620253164
2683.5854430379745
2737.768987341772
2748.0854430379745
2778.5759493670885
2779.746835443038
2796.762658227848
2816.8860759493673
2802.0696202531644
2828.756329113924
2834.977848101266
2860.3512658227846
2890.1202531645567
2952.53164556962
2983.48417721519
3008.6455696202534
3057.9367088607596
3128.518987341772
3246.1645569620255
3315.6044303797466
3358.028481012658
3477.0506329113923
3586.7088607594937
3707.0981012658226
3859.481012658228
3977.3892405063293
4195.572784810127
4371.142405063291
4652.974683544304
4908.493670886076
5163.015822784811
5458.060126582279
5618.933544303797
5808.297468354431
5886.727848101265
5909.882911392405
5833.237341772152
5751.256329113924
5639.268987341772
5483.7468354430375
5319.939873417721
5220.854430379747
5046.291139240507
4989.427215189873
4936.857594936709
4876.452531645569
4857.971518987341
4870.895569620253
4815.7405063291135
4872.873417721519
4910.863924050633
4891.844936708861
4936.636075949367
4918.6740506329115
4932.876582278481
4964.066455696203
4988.56329113924
4993.028481012659
4968.041139240507
4997.946202531645
5041.892405063291
5071.670886075949
5240.306962025316
6014.28164556962
7036.9968354430375
7418.588607594937
7773.800632911392
7995.392405063291
8149.0822784810125
8115.939873417721
8242.620253164558
8050.987341772152
6704.601265822785
5944.113924050633
5560.867088607595
5307.53164556962
5090.724683544304
4940.212025316456
4841.344936708861
4760.443037974684
4662.68670886076
4556.768987341772
4486.493670886076
4401.93670886076
4356.952531645569
4277.053797468355
4219.566455696203
4164.449367088608
4124.145569620253
4023.987341772152
3980.3702531645567
3921.0443037974683
3881.9113924050635
3813.0917721518986
3715.993670886076
3690.4177215189875
3646.3639240506327
3609.96835443038
3579.1139240506327
3533.8291139240505
3487.731012658228
3446.6993670886077
3409.01582278481
3357.1455696202534
3321.1803797468356
3281.5506329113923
3249.3037974683543
3231.1550632911394
3182.8354430379745
3137.71835443038
3079.3386075949365
3086.4177215189875
3056.1772151898736
3027.243670886076
2984.4018987341774
2976.737341772152
2919.0822784810125
2909.5506329113923
2880.8069620253164
2840.025316455696
2832.9082278481014
2822.5632911392404
2782.8164556962024
2782.8354430379745
2760.4208860759495
2764.4240506329115
2760.1297468354433
2742.1677215189875
2723.1139240506327
2731.477848101266
2710.784810126582
2685.5537974683543
2670.5537974683543
2625.8575949367087
2606.23417721519
2610.6708860759495
2581.9018987341774
2579.759493670886
2560.3196202531644
2556.8702531645567
2517.246835443038
2521.1139240506327
2536.0981012658226
2533.5506329113923
2525.1202531645567
2503.0
2487.1677215189875
2454.7943037974683
2465.5822784810125
2485.4240506329115
2487.006329113924
2475.6329113924053
2456.1740506329115
2458.3069620253164
2451.5474683544303
2445.6930379746836
2432.1487341772154
2431.4493670886077
2436.9367088607596
2431.272151898734
2416.721518987342
2398.6012658227846
2384.1139240506327
2399.4113924050635
2401.9335443037976
2389.496835443038
2398.1107594936707
2394.96835443038
2380.1424050632913
2382.6329113924053
2382.6329113924053
2366.477848101266
2380.768987341772
2411.8259493670885
2411.215189873418
2400.7911392405063
2367.8607594936707
2375.0379746835442
2394.3639240506327
2387.3291139240505
2369.4050632911394
2362.5537974683543
2392.1898734177216
2381.6645569620255
2377.4177215189875
2378.1582278481014
2366.737341772152
2368.221518987342
2367.9145569620255
2382.98417721519
2374.9556962025317
2378.5474683544303
2362.78164556962
2387.6930379746836
2387.0411392405063
2371.8449367088606
2363.6550632911394
2373.9398734177216
2373.8544303797466
2366.4177215189875
2353.4272151898736
2341.8354430379745
2324.509493670886
2345.018987341772
2355.262658227848
2355.26582278481
2351.259493670886
2366.2911392405063
2368.987341772152
2378.9208860759495
2370.4462025316457
2367.5664556962024
2356.6930379746836
2371.1392405063293
2393.8639240506327
2353.6487341772154
2360.2911392405063
2373.8449367088606
2381.768987341772
2383.9620253164558
2369.965189873418
2339.01582278481
2332.4303797468356
2332.3417721518986
2363.9556962025317
2356.3860759493673
2346.3132911392404
2341.6645569620255
2357.9240506329115
2386.5
2404.0791139240505
2355.1867088607596
2324.7088607594937
2339.5537974683543
2337.6582278481014
2356.6930379746836
2354.8259493670885
2374.4430379746836
2352.53164556962
2326.1455696202534
2334.4177215189875
2344.490506329114
2341.3417721518986
2357.028481012658
2346.3322784810125
2335.6518987341774
2364.5379746835442
2424.487341772152
2440.993670886076
2414.4430379746836
2371.8544303797466
2351.0822784810125
2352.1392405063293
2351.1107594936707
2348.1487341772154
2353.9240506329115
2343.772151898734
2329.012658227848
2338.7879746835442
2352.231012658228
2338.26582278481
2328.4050632911394
2321.2879746835442
2300.6012658227846
2332.3227848101264
2358.9398734177216
2341.243670886076
2316.9082278481014
2297.3607594936707
2312.6518987341774
2289.6550632911394
2308.8702531645567
2295.1645569620255
2300.8575949367087
2309.012658227848
2322.987341772152
2346.8386075949365
2353.6455696202534
2339.9525316455697
2309.6329113924053
2302.4430379746836
2305.1550632911394
2327.0379746835442
2315.6202531645567
2324.8639240506327
2337.1455696202534
2330.1772151898736
2311.018987341772
2306.0411392405063
2318.6613924050635
2322.2943037974683
2333.4556962025317
2323.23417721519
2328.2974683544303
2348.5
2328.746835443038
2336.9050632911394
2363.8481012658226
2350.9082278481014
2336.01582278481
2333.2974683544303
2341.246835443038
2378.5696202531644
2390.46835443038
2395.2120253164558
2451.465189873418
2666.76582278481
2877.8259493670885
2969.0379746835442
2989.0411392405063
3006.9398734177216
3029.5632911392404
3012.6360759493673
3028.3291139240505
3018.1613924050635
2782.481012658228
2648.73417721519
2614.4113924050635
2548.262658227848
2542.9556962025317
2510.1360759493673
2529.4177215189875
2596.506329113924
2802.9272151898736
2926.3544303797466
2931.1329113924053
2957.46835443038
2988.9240506329115
3006.6803797468356
3002.4367088607596
3051.2879746835442
2946.9556962025317
2782.0949367088606
2805.03164556962
2851.8924050632913
2896.8132911392404
2907.3860759493673
2934.4620253164558
2950.221518987342
2993.740506329114
2982.9177215189875
2969.4462025316457
2916.9050632911394
2853.5601265822784
2792.4620253164558
2802.6012658227846
2805.8196202531644
2853.3259493670885
2885.012658227848
2896.9588607594937
2946.6613924050635
3006.2974683544303
3039.1424050632913
3036.6455696202534
3062.474683544304
3098.1645569620255
3131.1012658227846
3129.5822784810125
3150.1234177215188
3122.522151898734
3117.534810126582
3112.724683544304
3112.3164556962024
3125.8386075949365
3117.98417721519
3112.018987341772
3118.5601265822784
3105.78164556962
3086.6265822784812
3115.224683544304
3106.53164556962
3092.3291139240505
3080.2943037974683
3094.8354430379745
3082.4430379746836
3085.977848101266
3034.993670886076
3029.6677215189875
3033.5664556962024
3025.4620253164558
3036.8291139240505
3023.8417721518986
3028.0474683544303
3018.0
3025.1867088607596
3044.6044303797466
3100.1424050632913
3252.4335443037976
3408.0759493670885
3556.740506329114
3739.4303797468356
3839.9556962025317
3898.3132911392404
3967.1740506329115
3989.990506329114
3987.240506329114
3874.5759493670885
3688.025316455696
3505.3417721518986
3352.4335443037976
3217.6202531645567
3119.8575949367087
3037.506329113924
3009.518987341772
2985.4398734177216
2949.1645569620255
2904.8765822784812
2879.7120253164558
2839.5791139240505
2813.4430379746836
2789.3734177215188
2788.4620253164558
2802.6455696202534
2781.006329113924
2773.1360759493673
2783.8765822784812
2831.3259493670885
2815.1075949367087
2810.3734177215188
2820.028481012658
2820.9556962025317
2839.0822784810125
2870.8670886075947
2879.8354430379745
2892.768987341772
2914.2088607594937
2936.0727848101264
3023.46835443038
3042.2943037974683
3058.974683544304
3076.6867088607596
3134.018987341772
3195.756329113924
3305.6392405063293
3410.2943037974683
3493.256329113924
3572.721518987342
3653.7974683544303
3757.278481012658
3748.0411392405063
3742.4462025316457
3714.8512658227846
3641.0537974683543
3562.5601265822784
3438.0759493670885
3331.9208860759495
3256.1740506329115
3158.9620253164558
3104.1424050632913
3016.3544303797466
2967.5506329113923
2941.3639240506327
2903.259493670886
2887.4335443037976
2842.5443037974683
2790.8227848101264
2803.0981012658226
2817.3196202531644
2812.8987341772154
2792.6582278481014
2789.3386075949365
2767.0601265822784
2779.3291139240505
2763.9145569620255
2759.1803797468356
2754.3829113924053
2750.9493670886077
2737.034810126582
2733.5854430379745
2711.987341772152
2719.3481012658226
2723.9367088607596
2711.3702531645567
2703.8512658227846
2741.522151898734
2722.262658227848
2728.977848101266
2745.8702531645567
2770.284810126582
2803.740506329114
2850.477848101266
2871.8955696202534
2920.3607594936707
2951.9430379746836
2983.025316455696
3031.465189873418
3123.6234177215188
3136.4588607594937
3176.3829113924053
3211.5
3205.8955696202534
3199.715189873418
3180.772151898734
3154.9113924050635
3137.7056962025317
3063.6677215189875
3023.6139240506327
2970.9493670886077
2907.6645569620255
2897.512658227848
2855.4113924050635
2827.7056962025317
2796.3987341772154
2805.512658227848
2786.224683544304
2739.6898734177216
2707.9145569620255
2696.784810126582
2650.0854430379745
2654.6360759493673
2646.753164556962
2635.243670886076
2612.8512658227846
2600.2056962025317
2593.1803797468356
2571.759493670886
2572.224683544304
2557.753164556962
2556.8702531645567
2563.237341772152
2558.3575949367087
2570.3481012658226
2586.974683544304
2575.0854430379745
2582.6582278481014
2573.993670886076
2605.6677215189875
2637.3227848101264
2647.506329113924
2606.987341772152
2587.5601265822784
2608.9367088607596
2630.965189873418
2625.7911392405063
2598.1265822784812
2594.256329113924
2595.0379746835442
2603.1613924050635
2622.3354430379745
2642.506329113924
2652.9145569620255
2660.01582278481
2662.2943037974683
2667.6930379746836
2684.768987341772
2692.8987341772154
2709.8987341772154
2714.6139240506327
2734.3037974683543
2765.1550632911394
2780.2974683544303
2785.5696202531644
2832.0411392405063
2878.227848101266
2899.6772151898736
2918.6550632911394
2924.253164556962
2940.3322784810125
3010.0981012658226
3058.4588607594937
3094.8639240506327
3166.0854430379745
3237.5696202531644
3311.7120253164558
3383.5822784810125
3461.98417721519
3553.73417721519
3685.740506329114
3812.518987341772
4012.253164556962
4145.708860759493
4395.949367088608
4735.882911392405
5049.585443037975
5501.449367088608
6107.227848101265
6876.965189873417
8000.898734177215
9444.39240506329
11137.367088607594
12886.231012658227
14301.300632911392
15454.54430379747
16273.841772151898
16641.13924050633
16519.822784810127
16056.360759493671
15114.231012658227
13829.180379746835
12468.199367088608
11135.87658227848
10089.405063291139
9346.42088607595
8684.401898734177
8250.006329113925
7848.272151898735
7552.0759493670885
7305.4177215189875
7156.221518987341
6918.079113924051
6735.661392405063
6559.927215189873
6384.386075949367
6276.9177215189875
6192.689873417721
6077.901898734177
6008.43670886076
5958.170886075949
5906.056962025316
5832.028481012659
5732.18670886076
5592.623417721519
5500.5759493670885
5337.537974683544
5229.427215189873
5040.651898734177
4875.493670886076
4680.699367088608
4536.481012658228
4348.7531645569625
4196.537974683544
4077.8639240506327
3932.471518987342
3850.0664556962024
3762.4367088607596
3633.1962025316457
3578.534810126582
3494.465189873418
3427.240506329114
3377.01582278481
3328.3734177215188
3258.471518987342
3261.762658227848
3240.3132911392404
3181.0601265822784
3126.8955696202534
3088.6930379746836
3078.775316455696
3067.8955696202534
3052.9493670886077
3022.2879746835442
2982.48417721519
2978.5
3001.1012658227846
3003.0664556962024
2955.528481012658
2909.1898734177216
2913.246835443038
2879.1898734177216
2889.5379746835442
2889.6487341772154
2915.4177215189875
2931.9556962025317
2928.1867088607596
2933.025316455696
2928.4177215189875
2932.5981012658226
2951.8196202531644
2971.1297468354433
2977.762658227848
2992.724683544304
2998.98417721519
2984.1392405063293
2925.8354430379745
2932.8386075949365
2951.3987341772154
2947.0696202531644
2922.48417721519
2921.7025316455697
2909.3955696202534
2917.5664556962024
2927.3797468354433
2944.0854430379745
2961.5443037974683
2997.9525316455697
2973.0696202531644
2990.2879746835442
2998.6867088607596
2999.740506329114
3036.4335443037976
3016.1550632911394
3027.3829113924053
3052.6012658227846
3046.9430379746836
3029.0791139240505
3047.6487341772154
3060.3544303797466
3056.0917721518986
3031.465189873418
3062.1455696202534
3039.006329113924
3056.503164556962
3057.23417721519
3044.8259493670885
3044.237341772152
3075.6993670886077
3089.3101265822784
3097.990506329114
3087.487341772152
3097.3544303797466
3099.5632911392404
3086.23417721519
3059.6392405063293
3058.525316455696
3031.6867088607596
3049.4050632911394
3054.6424050632913
3069.0886075949365
3069.4208860759495
3063.512658227848
3020.0474683544303
3016.6677215189875
3029.278481012658
3015.0949367088606
3014.5854430379745
3009.46835443038
3016.4272151898736
3013.9588607594937
3003.6518987341774
3002.6518987341774
2983.5886075949365
2979.6803797468356
2980.1740506329115
2959.0411392405063
2951.256329113924
2973.465189873418
2963.268987341772
2998.268987341772
3000.6044303797466
2988.1772151898736
2994.8006329113923
3028.5664556962024
3074.5474683544303
3125.8512658227846
3192.71835443038
3246.1487341772154
3381.474683544304
3477.3575949367087
3603.756329113924
3723.3449367088606
3814.0601265822784
3835.518987341772
3835.5664556962024
3845.0632911392404
3814.1645569620255
3755.6455696202534
3632.1962025316457
3499.496835443038
3346.8987341772154
3217.6962025316457
3075.3417721518986
2996.275316455696
2877.1170886075947
2828.0601265822784
2772.3765822784812
2728.778481012658
2667.5632911392404
2644.471518987342
2614.253164556962
2571.237341772152
2574.6424050632913
2572.3734177215188
2540.3860759493673
2534.993670886076
2531.1297468354433
2513.8069620253164
2526.2056962025317
2511.2088607594937
2490.1424050632913
2484.4018987341774
2482.98417721519
2487.506329113924
2487.8132911392404
2478.8196202531644
2486.3924050632913
2471.0601265822784
2481.2056962025317
2485.6740506329115
2464.8322784810125
2458.76582278481
2455.4588607594937
2469.8354430379745
2454.3512658227846
2422.8101265822784
2426.8734177215188
2434.2974683544303
2422.3829113924053
2435.3417721518986
2433.990506329114
2427.7025316455697
2411.5981012658226
2417.4462025316457
2416.003164556962
2410.231012658228
2411.762658227848
2398.3322784810125
2408.3227848101264
2416.9430379746836
2433.7943037974683
2430.8006329113923
2421.018987341772
2420.6044303797466
2407.8481012658226
2399.6424050632913
2391.8829113924053
2393.6075949367087
2366.9556962025317
2389.4588607594937
2388.1012658227846
2398.0379746835442
2393.0601265822784
2380.1962025316457
2375.8575949367087
2361.71835443038
2382.8354430379745
2405.4493670886077
2397.6044303797466
2399.51582278481
2391.9303797468356
2375.1107594936707
2376.778481012658
2371.0822784810125
2389.01582278481
2398.6898734177216
2422.5601265822784
2186.9398734177216
1316.0253164556962
449.9651898734177
0.0
0.0
